     列        1                                             2                                             3                                             4                                             5


行   1   (1095,314)  (1223,442)  3  (1226,314)  (1354,442)     3     (1357,314)  (1485,442)       3      (1488,314)  (1616,442)     3      (1619,314)  (1747,442)    备注：有效图像，前11后23上4下9
             Δx=128  Δy=128             Δx=128  Δy=128                       Δx=128  Δy=128                     Δx=128  Δy=128                   Δx=128  Δy=128
      2   (1095,445)  (1223,573)
             Δx=128  Δy=128
      3   (1095,576)  (1223,704)
             Δx=128  Δy=128
      4   (1095,707)  (1223,835)
             Δx=128  Δy=128