     列        1                                             2                                             3                                             4                                             5


行   1   (419,187)  (538,306)  14    (552,187)  (671,306)     15           (686,187)  (805,306)       14          (819,187)  (938,306)     14        (952,187)  (1071,306)    
             Δx=119  Δy=119             Δx=119  Δy=119                            Δx=119  Δy=119                          Δx=119  Δy=119                     Δx=119  Δy=119 
12
      2   (419,318)  (538,437)
             Δx=119  Δy=119
13
      3   (419,450)  (538,569)
            Δx=119  Δy=119
12
      4   (419,581)  (538,700)
             Δx=119  Δy=119
12
      5   (419,712)  (538,831)
             Δx=119  Δy=119



备注：有效图像，上下左右各缩30个像素